executeActions: 4.3728519s
first: 4.3728519s
auto-exec: 4.3678575s
